y2 y3 S11 S22 S33 S23 S13 S12
5.584581957108350828e-04 6.730092682442216645e-02 2.303144570070600137e+06 4.079873366379191633e+06 3.390988165512681007e+02 -1.415009275164908468e+04 -1.185899731642571896e+04 3.070010885835558176e+06
-5.584581957108351912e-04 6.730092682442216645e-02 2.303144570070440415e+06 4.079873366379122250e+06 3.390988164800219238e+02 1.415009275167095257e+04 1.185899731637876721e+04 3.070010885835587513e+06
5.619237730372533303e-04 6.771857170005829429e-02 2.276929507929389365e+06 4.088448385028332006e+06 9.988691193340346217e+02 -1.421185728651812133e+04 -1.192080552281683231e+04 3.073224514979396481e+06
-5.619237730372532219e-04 6.771857170005829429e-02 2.276929507929222193e+06 4.088448385028262623e+06 9.988691192618571222e+02 1.421185728652990656e+04 1.192080552277999959e+04 3.073224514979425352e+06
5.644607561835701063e-04 6.802430896407890559e-02 2.257698219522472937e+06 4.094727806501445360e+06 1.445322688688058406e+03 -1.425264782051764087e+04 -1.197706503129192242e+04 3.075573212476980407e+06
-5.644607561835702147e-04 6.802430896407890559e-02 2.257698219522318803e+06 4.094727806501388550e+06 1.445322688648710027e+03 1.425264782056115291e+04 1.197706503119044464e+04 3.075573212477008346e+06
-5.679263457108350236e-04 6.844195382751418200e-02 2.231415703602929600e+06 4.103343398293049540e+06 2.112345588525990024e+03 1.431480290349126153e+04 1.203893286704505590e+04 3.078776431705371011e+06
5.679263457108351320e-04 6.844195382751419587e-02 2.231415703603068367e+06 4.103343398293101229e+06 2.112345588562777266e+03 -1.431480290344573950e+04 -1.203893286714852002e+04 3.078776431705345865e+06
5.704633333229717660e-04 6.874769108706897669e-02 2.212037054751434829e+06 4.109569318244322203e+06 2.313311309359734878e+03 -1.435648485039847219e+04 -1.209316259268370777e+04 3.081117630542871542e+06
-5.704633333229718745e-04 6.874769108706899057e-02 2.212037054751352873e+06 4.109569318244307302e+06 2.313311309413285926e+03 1.435648485042418179e+04 1.209316259256612284e+04 3.081117630542892031e+06
-5.739289228502365749e-04 6.916533595050426697e-02 2.185692484755549114e+06 4.118223626243844628e+06 2.987423233505338430e+03 1.441900036705855382e+04 1.215509439165753247e+04 3.084310769330239389e+06
5.739289228502367918e-04 6.916533595050428085e-02 2.185692484755587764e+06 4.118223626243842766e+06 2.987423233442241326e+03 -1.441900036701911267e+04 -1.215509439178883258e+04 3.084310769330226816e+06
5.764659104623733174e-04 6.947107321005906166e-02 2.166172539661468472e+06 4.124396582864847500e+06 2.948448212852003053e+03 -1.446154532806185671e+04 -1.220736599640509849e+04 3.086644708423882257e+06
-5.764659104623734258e-04 6.947107321005906166e-02 2.166172539661415853e+06 4.124396582864833064e+06 2.948448212853632867e+03 1.446154532817521977e+04 1.220736599617578213e+04 3.086644708423892502e+06
5.799314999896384515e-04 6.988871807349433807e-02 2.139770913526179735e+06 4.133087837177760899e+06 3.629482425834052265e+03 -1.452439308235913632e+04 -1.226936542911198376e+04 3.089828090126744006e+06
-5.799314999896382347e-04 6.988871807349433807e-02 2.139770913526121061e+06 4.133087837177743670e+06 3.629482425834052265e+03 1.452439308247309964e+04 1.226936542888206532e+04 3.089828090126755182e+06
5.824684876017750855e-04 7.019445533304913276e-02 2.120115406795694493e+06 4.139208391313187778e+06 3.355991239818511531e+03 -1.456777376990699850e+04 -1.231974660065262833e+04 3.092155003640599083e+06
-5.824684876017751940e-04 7.019445533304914664e-02 2.120115406795615796e+06 4.139208391313157510e+06 3.355991239777067676e+03 1.456777376996192470e+04 1.231974660047142243e+04 3.092155003640611190e+06
5.859340771290400028e-04 7.061210019648442304e-02 2.093661354864891851e+06 4.147934905441722833e+06 4.043779235476395115e+03 -1.463092730961103189e+04 -1.238181706244224188e+04 3.095328944779340178e+06
-5.859340771290398944e-04 7.061210019648442304e-02 2.093661354864826193e+06 4.147934905441691633e+06 4.043779235436348245e+03 1.463092730966271483e+04 1.238181706226425558e+04 3.095328944779350888e+06
5.884710602753567789e-04 7.091783745603921774e-02 2.073875714648396242e+06 4.154003636857685167e+06 3.541071935460669920e+03 -1.467511756894773862e+04 -1.243037181157500345e+04 3.097649061630927958e+06
-5.884710602753568873e-04 7.091783745603921774e-02 2.073875714648404391e+06 4.154003636857714038e+06 3.541071935606421903e+03 1.467511756901608169e+04 1.243037181136620529e+04 3.097649061630939133e+06
5.919366376017750264e-04 7.133548231947449414e-02 2.047373531948207412e+06 4.162763803793376312e+06 4.235444619165034965e+03 -1.473855225009561036e+04 -1.249251657757032444e+04 3.100813871253231540e+06
-5.919366376017749180e-04 7.133548231947449414e-02 2.047373531948221382e+06 4.162763803793408442e+06 4.235444619313348085e+03 1.473855225019108548e+04 1.249251657733440697e+04 3.100813871253241785e+06
5.944736207480918024e-04 7.164121957902927496e-02 2.027462901257983176e+06 4.168781307836036198e+06 3.508695817370899022e+03 -1.478352710941512487e+04 -1.253930549106151011e+04 3.103127414725411218e+06
-5.944736207480919108e-04 7.164121957902928883e-02 2.027462901257969905e+06 4.168781307836035267e+06 3.508695817381143570e+03 1.478352710949848915e+04 1.253930549083438382e+04 3.103127414725414477e+06
5.979392102753568281e-04 7.205886444246456524e-02 2.000916575335261645e+06 4.177573596673715394e+06 4.209484521176666021e+03 -1.484721953791022679e+04 -1.260152688982527252e+04 3.106283393862925470e+06
-5.979392102753566113e-04 7.205886444246457911e-02 2.000916575335341971e+06 4.177573596673748456e+06 4.209484521204140037e+03 1.484721953799354196e+04 1.260152688959822081e+04 3.106283393862910103e+06
6.004761978874933537e-04 7.236460170201935993e-02 1.980885831936259521e+06 4.183540482090180740e+06 3.263744574935408309e+03 -1.489295500530256504e+04 -1.264660739643208944e+04 3.108590581192767248e+06
-6.004761978874934621e-04 7.236460170201937381e-02 1.980885831936309813e+06 4.183540482090177480e+06 3.263744574818992987e+03 1.489295500540500143e+04 1.264660739619946071e+04 3.108590581192745361e+06
6.039417874147583794e-04 7.278224656545465021e-02 1.954299068924713880e+06 4.192363434400788974e+06 3.970781863552983850e+03 -1.495688352714181747e+04 -1.270890817353165767e+04 3.111738022516569123e+06
-6.039417874147582710e-04 7.278224656545465021e-02 1.954299068924760446e+06 4.192363434400787577e+06 3.970781863436335698e+03 1.495688352721597039e+04 1.270890817332733968e+04 3.111738022516547237e+06
6.064787750268950135e-04 7.308798382500944490e-02 1.934152843100517057e+06 4.198280320116637275e+06 2.810975975509500131e+03 -1.500335687131367922e+04 -1.275233477799690809e+04 3.114039064729450736e+06
-6.064787750268951219e-04 7.308798382500945878e-02 1.934152843100606930e+06 4.198280320116669871e+06 2.810975975497160107e+03 1.500335687138480716e+04 1.275233477781677175e+04 3.114039064729428384e+06
-6.099443645541599308e-04 7.350562868844472131e-02 1.907529091731995344e+06 4.207132546687146649e+06 3.524096423077397048e+03 1.506750110674918506e+04 1.281471718706346655e+04 3.117178252204938326e+06
6.099443645541600392e-04 7.350562868844473519e-02 1.907529091731895925e+06 4.207132546687113121e+06 3.524096423089504242e+03 -1.506750110667987610e+04 -1.281471718724179118e+04 3.117178252204961609e+06
6.124813477004768152e-04 7.381136594799951600e-02 1.887271783449879382e+06 4.213000060003838502e+06 2.155026797309285030e+03 -1.511469030487471173e+04 -1.285654165999108773e+04 3.119473353915662505e+06
-6.124813477004769236e-04 7.381136594799952988e-02 1.887271783450003946e+06 4.213000060003887862e+06 2.155026797344675288e+03 1.511469030493984610e+04 1.285654165984268730e+04 3.119473353915637825e+06
6.159469250268950627e-04 7.422901081143480628e-02 1.860614256174873561e+06 4.221880237294630148e+06 2.874067459221929312e+03 -1.517903117762320835e+04 -1.291900800885535864e+04 3.122604562742059585e+06
-6.159469250268948459e-04 7.422901081143480628e-02 1.860614256175015122e+06 4.221880237294683233e+06 2.874067459259880707e+03 1.517903117768942684e+04 1.291900800870584499e+04 3.122604562742033508e+06
6.184839081732117303e-04 7.453474807098960098e-02 1.840250049573766533e+06 4.227699011298473924e+06 1.300413116655545309e+03 -1.522691527830260384e+04 -1.295927938773620917e+04 3.124893922095406335e+06
-6.184839081732118387e-04 7.453474807098961485e-02 1.840250049573923461e+06 4.227699011298538186e+06 1.300413116723531857e+03 1.522691527832744578e+04 1.295927938766312400e+04 3.124893922095379326e+06
6.219494977004767560e-04 7.495239293442489126e-02 1.813561741635861807e+06 4.236605878742962144e+06 2.025214118552859873e+03 -1.529143467860314195e+04 -1.302183100309938891e+04 3.128017418472509831e+06
-6.219494977004766476e-04 7.495239293442489126e-02 1.813561741636025487e+06 4.236605878743024543e+06 2.025214118621312082e+03 1.529143467863490878e+04 1.302183100301934610e+04 3.128017418472482823e+06
6.244864853126133901e-04 7.525813019397967207e-02 1.793094620050613768e+06 4.242376551624158397e+06 2.515349235276225954e+02 -1.533999354688305903e+04 -1.306059584991533120e+04 3.130301226954301819e+06
-6.244864853126134985e-04 7.525813019397968595e-02 1.793094620050750673e+06 4.242376551624202169e+06 2.515349235550966114e+02 1.533999354690142900e+04 1.306059584987766539e+04 3.130301226954277605e+06
6.279520748398785242e-04 7.567577505741496235e-02 1.766378327537295409e+06 4.251308908636437729e+06 9.819398655812256038e+02 -1.540467464059702434e+04 -1.312323466502576048e+04 3.133417268016377930e+06
-6.279520748398783074e-04 7.567577505741496235e-02 1.766378327537400182e+06 4.251308908636468463e+06 9.819398656019475311e+02 1.540467464061420469e+04 1.312323466498927519e+04 3.133417268016360234e+06
